0.93929903323,0.0837928209089,0.0674942324754,0.058242311669,0.0521952996502
0.939300834154,0.0837933469948,0.0674927942953,0.0582403310047,0.0521910500387
0.93929290066,0.0845414684617,0.0684660328654,0.0573946864289,0.0507100821392
0.939347088066,0.0845327481416,0.068280879754,0.0571513321178,0.0506147105319
0.939350078445,0.0845322350876,0.0682711255284,0.0571385506478,0.0506095713243
0.939352980795,0.084531574454,0.068260736936,0.0571252162877,0.050604416994
0.939353893317,0.0845314169655,0.0682580328453,0.0571216934609,0.0506029324333
0.939213902803,0.0855174327744,0.0667310886755,0.0573556535954,0.0528915790337
0.938882961694,0.0875906592628,0.0713252157857,0.0554989328065,0.0513263015651
0.939226024097,0.0795464031714,0.0734078785391,0.0569360702025,0.0535988456459
0.939225258551,0.0795462952825,0.0734076864528,0.0569360143415,0.0535999744565
0.939227250104,0.0795463908338,0.073407750889,0.0569358172529,0.0535971748432
0.93922639742,0.079546209255,0.0734071273471,0.0569353238795,0.0535987733721
0.939340764603,0.085593954745,0.0651898036168,0.0576739202685,0.05208480132
0.939341957,0.0855933712099,0.0651889514581,0.057672757079,0.0520833987363
0.9393412328,0.0855935209942,0.0651892556195,0.0576733187628,0.0520841706692
0.939337701509,0.0855962686971,0.0651927953848,0.0576773566564,0.0520886746861
0.939352117197,0.0845316284917,0.0682616923028,0.0571265944655,0.0506054003745
0.939408748001,0.0821841309575,0.0682476753707,0.0585978257348,0.0513966783678
0.939408980441,0.0821841105584,0.0682475711707,0.0585976566767,0.0513964445771
0.939408751273,0.0821841305564,0.0682476738101,0.0585978234097,0.0513966752167
0.939258231082,0.08405771706,0.0680670276607,0.0578178834389,0.0522218753877
0.939278560209,0.0840274376217,0.068033309941,0.0577785150898,0.0521941248171
0.93945609874,0.0819814888207,0.066945615562,0.0587918054023,0.0523444964133
0.939352971954,0.0845315778696,0.0682607224587,0.0571251960783,0.0506044099213
0.939516185271,0.0806805386023,0.069452382189,0.0580085459835,0.0508704905066
0.939240973828,0.0845849427583,0.0685388528767,0.0574868092846,0.0508059339464
0.939169318446,0.0834836423299,0.0697431440771,0.0579874673531,0.0523509134895
0.939169280613,0.0834836509781,0.0697431630011,0.0579874952147,0.0523509443145
0.939169570511,0.0834836983565,0.0697432366986,0.0579873020968,0.0523506296977
0.939169221249,0.0834836476209,0.0697432756056,0.0579875375274,0.0523509582606
0.939675584206,0.0795505817943,0.067798000336,0.0593845558189,0.0503486726436
0.939089159228,0.0839564838557,0.0680811695095,0.0600839966965,0.0528529561737
0.939296941941,0.0835065805196,0.067115774775,0.0587870809495,0.0525696650872
0.939289265006,0.0835147340546,0.067129322938,0.0588030564167,0.0525815848411
0.93920538605,0.0822519860126,0.0688391792062,0.0605552352191,0.051940475383
0.93920537736,0.0822519725787,0.0688391736338,0.0605552406484,0.0519404867865
0.93920528992,0.0822519257334,0.0688391903959,0.0605553165555,0.0519405745732
0.93949865753,0.0830730863629,0.0649525628706,0.0591108155811,0.0520082195715
0.939337552195,0.0822112012148,0.0681111344009,0.059778129591,0.051476791592
0.939303292594,0.0834971791034,0.0670954450099,0.0587746045732,0.052561563292
0.939343090269,0.0821949591791,0.0680954466618,0.059763338658,0.0514725451559
0.939498689024,0.0830731090242,0.0649525650799,0.0591108026395,0.0520081856431
0.93949873989,0.0830731704943,0.0649525951826,0.0591107701082,0.0520081294937
0.939205361233,0.0822519599585,0.0688391712659,0.0605552520739,0.0519405042851
0.938990091306,0.0861040621292,0.0675637532559,0.0590023537246,0.0530389492383
0.939019838191,0.0860604336412,0.0675203694962,0.0589933635486,0.0529807349272
0.938987449449,0.0865477566651,0.0669223311573,0.0594879352264,0.0526321600587
0.939235205336,0.0849821331357,0.0672469109378,0.0578646592034,0.0521604563892
0.939235127409,0.0849822931082,0.0672470869475,0.0578648372382,0.0521605252755
0.939235203925,0.0849819761893,0.0672467511985,0.0578645429159,0.0521604865168
0.939462680314,0.0818678779954,0.0666677120084,0.058202809057,0.053397131268
0.939462790096,0.0818678911969,0.066667701351,0.058202729381,0.0533970161599
0.939462740495,0.0818678865554,0.0666677074069,0.0582027659709,0.0533970680147
0.93946292919,0.0818679047612,0.0666676848472,0.0582026382537,0.0533968793027
0.939448760441,0.0819769652721,0.0669448193101,0.0588104168039,0.0523599437823
0.939441502254,0.0819852501815,0.066961797073,0.0588105295492,0.0523745051024
0.939408017742,0.0832692936211,0.0644500374877,0.0602050953671,0.0526965106109
0.939407811929,0.0832693483364,0.0644500861798,0.0602052611083,0.0526967174333
0.939407850124,0.0832693265934,0.0644500734075,0.0602052222884,0.0526966736752
0.939298361622,0.083501475372,0.0671347797771,0.0587776190628,0.052566628208
0.939235226555,0.0849824107399,0.067247205124,0.0578649037457,0.0521603924551
0.939098733857,0.0833481459118,0.0696727178471,0.0574833046981,0.0544372944847
0.939217594828,0.0855127021833,0.0667199672829,0.0573502027443,0.0528855520094
0.939235102466,0.0849825168639,0.0672473492829,0.0578650888443,0.0521605137596
0.939249791266,0.0845383354779,0.0686100091723,0.0575992747393,0.0507879283471
0.93924767672,0.0845380502249,0.0686170014623,0.0576094255212,0.0507917698168
0.93924543319,0.0845377452028,0.0686242906035,0.0576200510529,0.0507958093
0.939407685857,0.0832693803873,0.0644501206067,0.0602053554224,0.052696832897
0.93949880364,0.0830728311505,0.0649523155517,0.0591106292101,0.0520080843725
0.939169185789,0.0834836064685,0.0697429766302,0.0579875238227,0.0523510833153
0.939169481531,0.0834836494905,0.0697431086607,0.0579873564719,0.0523507526143
0.939169054726,0.0834836390097,0.0697431948431,0.0579876491217,0.0523511700378
0.93929595234,0.0837703567892,0.0674924519282,0.0582407103157,0.052210233424
0.939326393593,0.0822209465331,0.0681291546239,0.059801447843,0.0514944469762
0.939257732966,0.084589142681,0.0669569456291,0.0577474256296,0.0528909464029
0.939497912639,0.0830732307955,0.0649529652262,0.0591114540658,0.0520091022802
0.939211281819,0.085534076874,0.0667510268138,0.0573692562488,0.0528867808096
0.939338335148,0.0855954082657,0.0651918023503,0.0576764634186,0.0520877656228
0.939253154982,0.0840705379837,0.0680817449764,0.0578238031657,0.0522307031362
0.939248733018,0.0840725017347,0.0680719798933,0.0578358579432,0.052240383075
0.939340928414,0.0834373871541,0.0670332391845,0.0587069727742,0.052504394655
0.939668998645,0.0812485089431,0.0686899521463,0.0566694637239,0.0496707519847
0.939669115183,0.0812485089207,0.0686899171988,0.0566693986646,0.0496706600233
0.939668919678,0.0812485259124,0.068690030446,0.0566695427884,0.049670815392
0.939471836675,0.0819850799599,0.0669378049699,0.0587599800428,0.0523105104812
0.93934024205,0.0855940436022,0.065190007038,0.0576743626735,0.0520853811626
0.939340502082,0.0855941617718,0.0651900490063,0.0576742024975,0.0520851268689
0.938899058467,0.0854732068807,0.0701927052163,0.0576575668921,0.0537306457712
0.939353886292,0.0834633620128,0.0670191193064,0.0586821027027,0.0524714915575
0.939201309712,0.0855227267635,0.0667427412506,0.0573812958737,0.052914856324
0.939351194579,0.0845315684332,0.0682633454557,0.0571291399931,0.0506068171214
0.93929892462,0.0803259184142,0.0683262816594,0.0612010578671,0.0531689892157
0.939296945325,0.0835092987261,0.067114129543,0.0587994723291,0.0525657819718
0.939240528656,0.0854630570953,0.0666823338476,0.0573015060355,0.0528561623765
0.938820637991,0.0853925604302,0.0729946131519,0.0603593912097,0.0482501721395
0.938820178335,0.0853925914551,0.0729948180548,0.0603597532283,0.0482505593405
0.938820193754,0.0853925930252,0.0729948112343,0.0603597523539,0.0482505570311
0.939235935035,0.0849810246684,0.0672456490279,0.0578633080008,0.0521597997575
0.939829361832,0.0763678509342,0.0690446890499,0.0558571071536,0.054584475803
0.939275409649,0.0835262772938,0.0671583086628,0.0588226270885,0.0526058847157
0.939314895441,0.0844971740544,0.068469425008,0.0573695590925,0.0506765560524
0.939194974456,0.0855527239146,0.066747992159,0.0573804393851,0.0529230767328
0.939348833896,0.0822261891241,0.068104444782,0.0597599330887,0.0514485153675
0.939425229715,0.0809206419058,0.0682249399219,0.0626832579065,0.0482271680801
0.939423556556,0.0809206357694,0.0682256949489,0.0626851422335,0.0482288992251
0.939423968976,0.0809207493192,0.0682256842901,0.0626847378601,0.0482284764843
0.938882779461,0.08771212291,0.0658286167088,0.0603056019381,0.0530106020275
0.938998417838,0.0861086196886,0.0675552884267,0.0589792508366,0.0530233019286
0.939281870686,0.0845763225125,0.0685183976235,0.0574150613314,0.0507226274011
0.939251480223,0.08462351937,0.068561415952,0.0574587145167,0.0507717117102
0.939424672519,0.0809201071586,0.0682249689496,0.0626841810394,0.0482278933194
0.939424810919,0.0809183952047,0.0682231720141,0.0626835479541,0.0482277918716
0.939221031424,0.0762452413252,0.0765585779043,0.0576110767371,0.0533500654422
0.939269655468,0.0840488643464,0.0680664146271,0.0578310240957,0.0521929070266
0.939422857711,0.0809208254138,0.0682261981323,0.0626858207324,0.0482295559735
0.93925521845,0.0838138056878,0.0675353264826,0.0582978269202,0.0522855682815
0.939936090854,0.0841551418369,0.063755923378,0.0521876360006,0.0512540187537
0.939498957413,0.0830745597981,0.0649534161141,0.0591111355393,0.0520075461573
0.939234077455,0.0849831529568,0.0672479482706,0.0578658146592,0.0521616671714
0.939951111935,0.0841571376132,0.0637434331498,0.0521680961697,0.0512219780009
0.93928336197,0.0845973747905,0.0685650988961,0.0574365056012,0.0506996651433
0.938952376049,0.0872883223546,0.0661561428453,0.0574221358397,0.0552275139402
0.939480425288,0.0766312680373,0.0731916064548,0.0591276119701,0.0512384435989
0.939839324068,0.0841462029742,0.0638502906848,0.0523235718976,0.0514656258365
0.941305906986,0.0834313546099,0.0451922879304,0.0325048387618,0.0621094583122
0.939320237744,0.0844966786006,0.0684674998663,0.0573760598234,0.0506611140908
0.939284483444,0.0854327459332,0.0665628745437,0.0572618951419,0.0527753063829
0.938324519903,0.0833539242888,0.0678872922517,0.0691199584246,0.0564501887762
0.939348789399,0.0845320692054,0.0682659446196,0.0571333236881,0.0506099618186
0.939359775644,0.0844408931302,0.0683863237969,0.0572831191942,0.0506095223615
0.939066545408,0.095166161304,0.0715996581653,0.048963020083,0.0393441421136
0.938934245125,0.0861283843545,0.0676315959512,0.059091392255,0.0531487521415
0.93942317501,0.0809202169701,0.0682247353497,0.0626853339902,0.0482294284394
0.939039487055,0.0857323573646,0.0670032949371,0.0575867543972,0.0531976659371
0.939204878327,0.085572063007,0.0667886868972,0.057351941301,0.0528921934896
0.939714407776,0.0827609496957,0.0672964325524,0.0568856323327,0.0512017736709
0.939227866257,0.0846064392026,0.0685999431463,0.0575249830598,0.0508146752469
0.939258147592,0.084620886134,0.0684944184651,0.0574958989269,0.0507555099803
0.939223958072,0.0795462961084,0.0734078431807,0.0569363056438,0.0536017794541
0.940369541525,0.0668571935749,0.0753084517456,0.0507386388557,0.0544682925629
0.939256618759,0.0854266308505,0.0666471449157,0.0572811359154,0.0528337227185
0.939102260835,0.0856824148572,0.0667845107296,0.0574722447459,0.0531069757514
